0.00095 -0.12395 0.36975 0.99627 0.00128 0.01501 0.08501
0.00167 -0.12799 0.34628 0.99917 0.00037 0.0093 0.03978
0.00215 -0.13005 0.32041 0.99493 0.00224 0.02273 0.09795
0.00336 -0.13518 0.29462 0.99185 0.00073 0.00567 0.12728
0.00371 -0.143 0.26467 0.99353 0.00147 0.01291 0.11284
0.00458 -0.15047 0.23218 0.98684 0.00262 0.0161 0.16087
0.00572 -0.16162 0.19891 0.98652 0.00278 0.01687 0.16273
0.00697 -0.17333 0.16435 0.99384 8e-05 0.0007 0.11087
0.00702 -0.18074 0.13158 0.99752 0.00222 -0.03683 -0.06001
0.0045 -0.17665 0.09776 0.99752 0.00222 -0.03683 -0.06001
